0 0.260000 0.307500 0.213333 0.145000
0 0.476667 0.312500 0.213333 0.145000
0 0.686667 0.310000 0.213333 0.145000
0 0.893333 0.310000 0.213333 0.145000
0 0.892500 0.452500 0.215000 0.145000
0 0.892500 0.592500 0.215000 0.145000
0 0.790833 0.747500 0.215000 0.145000
0 0.377500 0.750000 0.215000 0.145000
0 0.257500 0.602500 0.215000 0.145000
0 0.257500 0.457500 0.215000 0.145000
0 0.472500 0.455000 0.215000 0.145000
0 0.684167 0.462500 0.215000 0.145000
0 0.689167 0.602500 0.215000 0.145000
0 0.470833 0.605000 0.215000 0.145000
0 0.467500 0.600000 0.215000 0.145000
